1 83
1 837
1 140
1 50
1 591
1 697
1 64
1 692
1 742
1 440
1 19
1 473
1 899
1 783
1 946
1 220
1 437
2 412
2 478
2 919
2 575
2 952
2 308
2 236
2 651
2 451
2 570
2 403
2 25
2 966
2 207
2 991
2 80
2 497
2 406
2 782
2 558
2 386
2 587
2 730
2 362
2 244
2 673
2 243
2 902
2 88
2 356
2 233
2 526
2 547
2 48
2 477
2 324
2 563
3 983
3 703
3 396
3 448
3 7
3 443
3 377
3 248
3 282
3 146
3 452
3 991
3 267
3 922
3 688
3 466
3 770
3 657
3 869
4 433
5 487
5 592
5 412
5 921
5 241
5 676
5 856
5 719
5 711
5 702
5 739
5 864
5 690
5 969
5 574
5 249
5 861
5 23
6 786
6 382
6 674
6 859
6 843
6 391
6 449
6 408
6 874
7 41
7 778
7 343
7 656
7 287
7 270
7 935
7 456
7 860
7 95
7 67
7 579
7 250
7 693
7 409
7 873
7 541
7 461
7 962
7 749
7 116
7 60
7 434
7 181
7 548
7 647
7 424
7 152
7 656
7 206
7 910
8 530
8 421
8 789
8 555
8 539
8 770
9 142
9 718
9 865
9 913
9 487
9 243
9 598
9 87
9 155
9 1
9 497
9 398
9 708
9 822
9 790
9 998
9 9
9 767
9 704
9 853
9 687
9 309
9 967
9 408
9 275
9 439
9 825
9 992
9 277
9 17
9 144
9 31
9 44
9 408
9 820
9 565
10 440
10 304
10 896
10 56
10 142
10 116
10 183
10 441
10 238
10 581
10 207
10 301
10 85
10 300
10 270
10 477
11 753
11 207
11 631
11 871
11 645
11 590
11 82
11 707
11 253
11 590
11 538
11 520
11 995
11 18
11 511
11 298
11 348
11 361
11 819
11 483
11 609
11 899
11 470
11 143
11 56
11 149
11 563
12 379
12 335
12 636
12 8
12 196
12 347
12 494
12 961
12 582
12 328
12 11
12 520
12 517
12 473
13 732
13 582
13 127
13 913
13 607
13 646
13 814
13 54
13 506
13 256
13 977
13 781
13 929
13 466
13 505
13 725
13 384
13 976
13 131
13 875
13 221
13 35
13 562
13 339
13 269
13 190
13 183
13 355
13 263
13 109
14 306
14 517
14 500
14 354
14 662
14 90
14 942
14 43
14 180
14 127
14 403
14 233
14 772
14 610
14 448
14 852
14 566
14 131
14 745
14 22
14 592
14 465
14 650
14 713
14 103
14 680
14 72
14 251
14 891
14 268
14 263
15 437
15 271
15 23
15 199
15 77
15 399
15 44
15 575
15 900
15 790
15 300
15 525
15 99
15 418
15 31
15 755
15 710
15 508
15 484
15 381
15 868
15 927
15 407
15 678
15 167
15 95
15 934
15 668
15 949
15 233
15 87
15 77
15 896
15 744
15 816
16 832
16 792
16 205
16 83
16 463
16 90
16 186
16 30
16 419
16 923
16 226
16 951
16 420
16 126
16 45
16 425
16 795
16 472
16 805
16 140
16 420
16 816
17 389
17 277
17 436
17 125
17 518
17 333
17 282
17 26
17 547
17 747
17 56
17 848
17 429
17 250
17 386
17 571
17 373
17 744
17 38
17 403
17 134
17 47
17 563
17 988
17 821
17 652
17 157
17 946
17 58
17 406
17 983
17 981
17 57
17 48
17 750
17 562
17 405
17 672
17 594
18 50
18 666
18 891
18 646
18 888
18 548
18 769
18 182
18 487
18 959
18 692
18 42
18 207
18 439
18 406
18 947
18 63
18 350
18 962
18 254
18 157
18 464
18 199
18 833
18 530
18 678
18 842
18 336
18 770
18 349
18 485
19 123
19 652
19 966
19 379
19 393
19 389
19 288
19 671
19 19
19 835
19 636
19 521
19 553
19 692
20 982
21 944
21 711
21 921
21 332
21 929
21 711
21 726
21 856
21 347
21 796
21 76
21 750
21 716
21 256
21 943
21 849
21 20
21 413
21 969
21 984
21 590
22 27
22 792
22 715
22 485
22 279
22 937
22 82
22 893
22 852
22 796
22 41
22 642
22 783
22 206
22 391
22 543
22 378
22 755
22 455
22 510
22 702
22 748
22 40
22 813
22 417
22 781
22 991
23 703
23 433
23 91
23 577
23 572
23 170
23 346
23 436
23 623
23 83
23 818
23 801
23 754
23 212
24 811
24 970
25 289
25 667
25 1
25 191
25 274
25 116
25 848
26 157
26 444
26 304
26 10
26 462
26 886
26 141
26 396
26 957
26 808
26 653
26 364
26 754
26 921
26 541
26 860
26 308
26 622
26 912
26 538
26 304
26 635
26 795
26 832
26 871
26 396
26 695
26 509
26 259
26 449
26 850
27 645
27 260
27 954
27 743
27 114
27 785
27 43
27 339
27 798
27 675
27 437
27 318
27 220
27 39
27 409
27 417
27 126
27 673
27 366
27 775
27 308
27 328
27 61
28 950
28 660
28 99
28 617
28 463
28 998
28 335
28 733
28 556
29 866
29 428
29 969
29 58
29 527
29 977
29 608
29 376
30 971
30 252
30 644
30 129
30 369
30 582
30 565
30 286
30 486
30 604
30 506
30 25
31 654
32 42
32 896
32 370
32 610
32 45
32 149
32 995
32 78
32 605
32 104
32 818
32 873
32 374
32 421
32 971
32 464
32 895
32 351
32 833
33 186
33 342
33 232
33 907
33 744
33 219
33 872
33 820
33 931
33 860
33 245
33 488
33 319
33 898
33 803
33 913
33 384
33 222
33 728
33 858
33 686
33 538
33 664
33 446
33 591
33 102
33 153
33 834
33 586
33 275
33 635
33 57
34 88
34 763
34 185
34 765
34 373
34 890
34 866
34 116
34 291
34 992
34 108
34 325
34 692
34 725
34 882
35 80
35 356
35 398
35 909
35 146
35 746
35 70
35 568
35 938
35 599
35 82
35 33
35 60
35 663
35 865
35 340
35 704
35 572
35 44
35 119
35 530
35 545
35 621
35 919
36 759
36 30
36 723
36 748
36 779
36 954
36 474
36 13
36 840
36 758
36 791
36 69
36 854
36 577
36 578
36 507
36 867
36 439
36 732
36 382
36 861
37 200
37 938
37 717
37 753
37 189
37 751
37 592
37 413
37 35
37 502
38 894
38 172
38 884
38 709
38 397
38 772
38 464
38 149
38 223
38 106
38 305
38 519
38 753
38 868
38 457
38 812
38 772
38 874
39 139
39 322
39 553
39 310
39 411
39 98
39 542
39 891
39 882
39 719
39 950
39 280
39 597
39 578
40 817
40 727
40 129
40 61
40 104
40 456
40 490
40 992
40 567
40 496
40 841
40 769
40 426
40 698
40 322
40 654
40 277
41 668
41 343
41 882
41 370
41 615
41 403
41 721
41 770
41 940
41 859
41 223
41 812
41 968
41 346
41 206
41 402
41 837
41 992
41 589
41 464
41 651
41 695
41 540
41 189
41 296
41 568
41 490
41 951
41 648
42 606
42 995
42 974
42 570
42 544
42 486
42 240
42 856
42 174
42 171
42 724
42 71
42 334
42 270
42 94
42 394
42 360
42 212
42 850
42 352
42 907
42 834
42 604
42 201
43 988
43 736
43 834
43 131
43 563
43 490
43 479
43 583
44 243
44 853
44 320
44 986
44 24
44 817
44 914
44 533
44 84
44 76
44 487
44 882
44 339
44 583
44 491
44 142
45 191
45 164
45 437
45 722
45 558
45 569
46 113
46 514
46 165
46 916
46 489
46 571
46 390
46 617
46 87
46 30
46 354
46 756
46 499
46 1
46 274
46 596
47 556
47 289
47 641
47 115
47 440
47 571
47 845
47 650
47 923
47 119
47 153
47 693
47 888
47 317
47 138
47 794
47 312
47 709
47 723
47 927
47 50
47 858
47 672
47 103
47 763
47 227
47 329
47 799
47 578
47 504
47 378
47 535
48 938
48 510
48 558
49 943
49 449
49 617
49 242
49 658
49 877
49 284
49 219
49 13
49 101
49 166
49 562
49 201
49 527
49 549
49 751
49 188
49 691
49 384
50 341
50 887
50 11
50 20
50 316
51 874
51 627
52 908
52 163
52 945
52 760
52 64
52 121
52 495
52 984
52 169
52 383
52 389
52 734
52 76
52 65
52 32
52 915
52 42
52 93
52 963
52 348
52 11
52 416
52 886
52 266
52 960
52 434
52 591
52 533
52 204
52 832
52 379
52 372
52 30
53 892
54 516
54 794
54 465
54 707
54 345
54 207
54 279
54 960
54 413
54 583
54 593
54 610
54 470
54 941
54 270
54 605
54 456
54 501
54 220
54 557
54 978
54 430
54 900
54 954
55 325
55 887
55 844
55 214
55 25
55 220
55 69
55 73
55 608
55 508
55 182
55 221
55 663
55 35
55 328
55 999
55 945
55 416
55 762
55 583
55 288
55 17
55 266
55 107
55 257
55 479
55 586
55 927
55 253
55 601
55 738
55 957
55 734
55 631
55 41
55 269
55 713
55 304
55 576
56 245
56 34
56 270
56 225
56 94
56 842
56 949
56 568
56 634
56 894
56 959
56 275
56 831
56 689
56 627
56 277
56 574
56 853
56 306
56 920
56 237
56 612
56 261
56 237
56 127
56 851
56 47
56 652
56 255
56 658
56 379
56 867
56 580
56 187
57 420
57 308
57 570
57 578
57 990
57 506
57 236
57 196
57 219
57 812
57 816
57 700
57 339
57 787
57 499
57 229
57 279
57 258
57 716
57 753
57 799
57 315
57 196
57 901
57 404
58 890
58 640
58 632
58 695
58 682
58 241
58 157
58 993
58 587
58 462
58 451
58 78
58 319
58 872
58 617
58 950
58 752
58 192
58 259
58 931
58 375
58 717
58 764
58 720
58 670
58 843
58 277
58 621
58 443
58 139
58 985
58 71
58 524
58 533
58 703
58 25
58 887
58 294
58 505
58 571
59 872
59 245
59 505
59 69
59 795
59 619
59 728
59 489
59 586
59 207
59 935
59 674
59 772
59 794
59 915
59 29
59 195
59 980
59 626
59 662
59 560
59 835
59 714
59 619
59 325
59 295
59 390
59 126
59 37
59 916
59 548
59 792
60 312
61 15
61 205
61 394
61 505
61 621
61 270
61 751
61 921
61 321
61 126
61 305
61 501
61 153
61 347
61 589
61 808
61 419
61 24
61 551
61 269
61 637
61 863
61 551
61 842
61 890
61 780
61 445
61 99
61 650
61 788
61 477
61 183
61 67
61 766
61 154
61 778
61 102
61 813
61 28
62 472
62 133
62 396
62 689
62 201
62 94
62 993
62 237
62 41
62 950
62 903
62 904
62 417
62 937
62 267
62 945
62 159
62 76
62 534
62 424
62 748
62 532
62 13
62 124
62 786
62 194
62 656
62 450
62 716
62 399
62 408
62 824
62 423
63 677
63 374
63 602
63 599
63 293
63 136
63 500
63 956
63 62
63 300
63 265
63 632
63 329
63 95
63 307
63 394
63 742
63 292
63 834
64 118
64 399
64 667
64 244
64 137
64 29
64 55
64 970
64 341
64 126
64 690
64 300
64 679
64 673
64 833
64 537
64 236
64 234
64 778
64 261
64 990
64 43
64 893
64 539
64 888
64 319
64 825
64 345
64 657
64 963
64 557
64 453
64 267
64 220
64 209
64 6
64 728
64 147
64 205
64 479
65 728
65 842
65 469
65 540
65 577
65 949
65 377
65 345
65 165
65 292
65 50
65 842
65 292
65 772
65 47
65 59
65 580
65 876
65 864
65 78
65 309
65 590
65 351
65 364
66 527
66 909
66 176
66 238
66 34
66 22
66 480
66 820
67 370
67 156
67 434
67 154
67 430
67 492
67 487
67 341
67 39
67 297
67 496
67 43
67 647
67 907
67 847
67 658
67 956
67 695
67 909
67 452
67 724
67 773
67 31
67 598
68 625
68 194
68 929
68 980
68 275
68 957
68 100
68 568
68 752
68 189
68 533
68 887
68 86
68 730
68 596
68 806
68 306
69 496
69 678
69 341
69 812
70 709
70 550
70 282
70 138
70 33
70 81
70 107
70 343
70 470
70 573
70 980
70 962
70 257
70 670
70 195
70 195
70 954
70 227
70 691
71 168
71 349
71 90
71 704
71 673
71 882
71 715
71 330
71 543
71 959
72 167
72 149
72 687
72 637
72 413
72 826
72 665
72 880
72 596
72 136
72 796
72 379
72 50
72 294
72 532
72 42
72 22
72 611
72 194
72 741
72 46
72 49
72 17
72 697
72 113
72 867
73 50
73 614
73 148
73 115
73 48
73 498
73 188
73 901
73 216
73 918
73 751
73 132
73 600
73 989
73 966
73 47
73 923
73 880
73 891
73 439
73 362
73 601
73 953
73 171
73 291
73 607
73 26
74 275
74 22
74 92
74 113
74 30
74 443
74 834
74 749
74 33
74 210
74 893
74 746
74 905
74 239
74 710
74 547
74 832
74 912
74 503
74 988
74 380
75 825
75 71
75 251
75 985
75 638
75 879
75 101
75 157
75 931
75 912
75 736
75 862
75 188
75 357
75 157
75 140
75 612
76 411
76 406
76 85
76 859
76 876
76 941
76 524
76 776
76 138
76 494
76 20
76 185
76 474
76 457
76 763
76 156
76 629
76 180
76 847
76 885
76 569
76 886
76 241
76 299
76 145
76 770
76 436
76 76
76 42
76 822
76 123
76 524
76 108
76 713
76 969
76 767
76 629
76 880
77 635
77 949
77 944
77 41
77 837
77 84
77 80
77 919
77 651
77 88
77 869
77 266
77 447
77 735
77 386
77 147
77 901
77 520
77 876
77 81
77 875
77 873
77 147
77 832
77 742
77 17
77 252
78 247
78 403
78 375
78 306
78 295
78 964
79 418
79 211
79 723
79 394
79 781
79 239
79 661
79 892
79 138
79 965
79 787
79 258
79 338
79 827
79 34
79 509
79 80
79 418
79 732
79 218
79 202
79 314
79 258
79 271
79 568
79 644
79 269
79 922
79 747
80 655
80 732
80 164
80 963
80 283
80 998
80 218
80 584
81 376
81 504
81 60
81 60
81 520
81 64
81 577
81 796
81 468
81 900
81 700
81 633
81 572
81 162
81 140
81 698
81 503
81 549
82 664
82 405
82 169
82 289
82 150
82 44
82 530
82 646
83 652
83 860
83 894
83 524
83 874
83 885
83 444
83 517
83 563
83 448
83 272
83 622
83 719
83 969
83 271
83 402
83 662
83 786
83 787
83 153
83 660
83 232
83 58
83 212
83 589
83 727
83 908
83 23
83 492
83 797
83 552
83 262
83 985
83 522
83 815
83 101
83 291
83 798
84 228
84 885
84 972
84 174
84 968
84 950
84 354
84 16
84 26
84 347
84 324
84 178
84 258
84 676
84 141
84 179
84 747
84 533
84 30
84 771
84 273
84 90
84 311
84 387
84 829
84 580
84 177
84 820
85 795
85 327
85 470
85 536
85 778
85 5
85 252
85 606
85 12
85 12
85 670
85 491
85 393
85 846
85 462
85 127
85 700
85 927
85 288
85 200
85 236
85 35
85 923
85 221
85 292
85 235
85 646
85 523
85 12
85 540
85 92
85 304
85 40
85 744
86 388
86 727
86 757
86 590
86 257
86 95
86 763
86 51
86 950
86 239
86 138
86 412
86 838
86 906
86 27
86 357
86 439
86 641
86 872
86 762
86 712
87 224
87 189
87 327
87 174
87 924
87 239
87 303
87 741
87 809
87 606
87 268
87 57
87 4
87 261
87 146
87 103
87 99
87 629
87 134
87 510
87 108
87 223
87 240
87 178
87 270
87 247
87 409
87 368
87 295
88 363
88 505
88 758
88 537
88 501
88 756
88 637
88 466
88 917
88 46
88 285
88 448
88 668
88 732
88 937
88 159
88 146
88 980
88 562
88 659
88 687
89 51
89 792
89 829
89 358
89 73
89 516
89 316
89 727
89 489
89 840
89 443
89 326
89 383
89 571
89 49
89 943
89 416
89 884
89 902
89 91
89 135
89 552
89 403
89 95
89 908
90 394
91 634
91 780
91 616
91 943
91 717
91 564
91 549
91 237
91 10
91 185
91 246
91 929
91 800
91 498
91 429
91 19
91 175
91 135
91 307
91 738
91 302
91 445
91 722
91 368
91 74
91 959
91 776
91 476
91 17
91 697
91 367
91 555
91 102
91 234
91 862
91 356
91 333
92 99
92 689
92 858
92 524
92 772
92 368
92 326
92 7
92 420
92 330
92 542
92 161
92 983
92 42
92 6
92 890
92 136
92 422
92 869
92 461
92 861
92 733
92 730
92 740
92 158
92 603
92 749
93 660
93 618
93 933
93 492
93 40
93 648
93 395
93 267
93 656
93 454
93 848
93 928
93 438
93 120
94 794
94 619
94 388
94 622
94 828
95 316
95 655
95 586
95 148
95 819
95 940
95 135
95 554
95 719
95 975
95 198
95 344
95 894
95 853
95 767
95 391
95 397
95 578
95 437
95 948
95 867
96 914
96 958
96 85
96 134
96 808
96 994
96 484
96 723
96 312
96 665
96 510
96 527
96 134
96 591
96 536
96 238
96 963
96 782
96 795
96 313
96 729
96 528
96 253
96 45
96 490
96 931
96 4
96 307
96 495
96 661
96 44
96 372
96 423
96 277
96 804
97 996
97 974
97 951
97 928
97 654
97 291
97 444
97 285
97 363
97 78
97 927
97 751
97 984
97 485
97 251
97 880
97 867
97 869
97 241
97 139
97 451
97 123
97 456
97 526
97 905
97 462
97 750
97 642
97 482
97 975
97 600
97 276
97 177
97 355
97 843
97 776
97 624
97 823
97 21
98 353
98 906
98 921
98 102
98 202
98 660
98 260
98 509
98 750
98 829
98 744
98 497
98 789
98 208
98 740
98 842
98 792
98 248
99 621
99 115
99 919
99 776
99 584
99 815
99 413
99 449
99 440
99 461
99 639
99 804
99 759
99 846
99 877
99 820
99 220
99 680
99 262
99 388
99 494
99 797
99 602
99 246
99 341
99 56
99 956
99 435
99 936
99 680
99 619
99 850
99 233
99 776
99 999
99 625
99 178
100 779
100 31
100 525
100 256
100 209
100 139
100 682
100 591
100 72
